Year	tree ring data
1659	314.81
1660	297.92
1661	299.81
1662	266.34
1663	275.95
1664	240.74
1665	217.98
1666	116.53
1667	108.74
1668	119.09
1669	156.45
1670	160.02
1671	1192.8
1672	191.98
1673	205.08
1674	257
1675	260.07
1676	278.51
1677	253.02
1678	236.67
1679	241.77
1680	289.46
1681	333.66
1682	349.95
1683	241.49
1684	170.63
1685	150.57
1686	200.82
1687	198.86
1688	199
1689	213.68
1690	195.85
1691	232.4
1692	272.97
1693	233.41
1694	172.02
1695	172.19
1696	171.89
1697	249.95
1698	260.26
1699	278.54
1700	243.7
1701	257.12
1702	254.43
1703	266.13
1704	223.44
1705	198.23
1706	203.55
1707	176.71
1708	240.96
1709	257.86
1710	324.77
1711	265.97
1712	259.19
1713	216.13
1714	189.85
1715	181.23
1716	222.45
1717	285.95
1718	307.77
1719	325.99
1720	363.39
1721	332.68
1722	288.41
1723	228.31
1724	252.18
1725	268.38
1726	283.3
1727	233.66
1728	218.73
1729	188.19
1730	200.08
1731	172.65
1732	221.05
1733	208.15
1734	256.69
1735	227.74
1736	240.47
1737	202.77
1738	176.88
1739	180.74
1740	208.49
1741	245.17
1742	248.15
1743	293.04
1744	290.01
1745	340.65
1746	322.21
1747	287.75
1748	222.36
1749	309.88
1750	244.63
1751	241.93
1752	189.26
1753	236.86
1754	224.75
1755	183.27
1756	174.8
1757	189.33
1758	235.48
1759	238.79
1760	234.89
1761	216.26
1762	219.29
1763	179.11
1764	217.95
1765	5215.9
1766	250.91
1767	262.28
1768	252.65
1769	283.87
1770	267.51
1771	247.18
1772	192.47
1773	192.75
1774	220.43
1775	205.84
1776	206.55
1777	227.29
1778	228.78
1779	209.41
1780	167.92
1781	204.88
1782	245.08
1783	264.68
1784	248.99
1785	219.53
1786	200.24
1787	197.41
1788	210.36
1789	225.5
1790	279.52
1791	1283.7
1792	307.85
1793	298.84
1794	255.34
1795	210.36
1796	192.73
1797	191.7
1798	196.02
1799	197.58
1800	186.26
1801	206.46
1802	205.72
1803	200.04
1804	199.24
1805	208.6
1806	222.09
1807	212.48
1808	216.68
1809	205.27
1810	220.7
1811	203.53
1812	246.49
1813	319.28
1814	400.44
1815	393.23
1816	301.81
1817	164.34
1818	121.62
1819	155.29
1820	167.75
1821	177.26
1822	159.59
1823	198.81
1824	212.34
1825	261.53
1826	276.77
1827	301.32
1828	259.31
1829	209.71
1830	163.11
1831	1161.2
1832	228.96
1833	305.49
1834	275.99
1835	234.63
1836	192.17
1837	219.67
1838	239.28
1839	264.46
1840	231.37
1841	199.41
1842	196.2
1843	216.21
1844	252.93
1845	231.13
1846	220.91
1847	218.38
1848	256.06
1849	255.11
1850	237.89
1851	228
1852	274.25
1853	253.75
1854	258.51
1855	238.01
1856	255.77
1857	222.27
1858	197.55
1859	163.98
1860	178.47
1861	169
1862	132.25
1863	151.59
1864	177.27
1865	218.47
1866	265.55
1867	289.79
1868	284.52
1869	253.55
1870	189
1871	208.27
1872	184.22
1873	179.16
1874	203.65
1875	231.34
1876	253.77
1877	259.28
1878	238.48
1879	222.29
1880	232.74
1881	239.53
1882	227.78
1883	243.45
1884	237.33
1885	246.49
1886	209.87
1887	251.34
1888	225.05
1889	221
1890	174.63
1891	166.11
1892	162.32
1893	185.74
1894	165.45
1895	168.41
1896	218.08
1897	249.38
1898	237.98
1899	207.76
1900	216.73
1901	269.76
1902	212.42
1903	258.18
1904	205
1905	327.21
1906	313.19
1907	303
1908	206.73
1909	169.22
1910	183.84
1911	261.15
1912	268.66
1913	274.91
1914	285.37
1915	264.51
1916	238.79
1917	230.33
1918	246.95
1919	305.29
1920	264.03
1921	204.38
1922	211.51
1923	159.66
1924	158.54
1925	127.85
1926	219.17
1927	242.91
1928	254.27
1929	257.42
1930	242
1931	280.11
1932	228.47
1933	203.41
1934	143.44
1935	212.84
1936	198.68
1937	156.37
1938	153.54
1939	163.72
1940	253.5
1941	279.85
1942	269.33
1943	259.08
1944	224
1945	183.51
1946	163.78
1947	185.33
1948	192.72
1949	190.59
1950	165.82
1951	212.92
1952	195.12
1953	169.92
1954	73
1955	81
1956	95
1957	161.87
1958	210.04
1959	216.48
1960	244.15
1961	256
1962	254
1963	239.92
1964	252.63
1965	273.45
1966	292.16
1967	288.73
1968	342.62
1969	298.79
1970	158
1971	314.81
1972	297.92
1973	299.81
1974	266.34
1975	275.95
1976	240.74
1977	217.98
1978	116.53
1979	108.74
1980	119.09
1981	156.45
1982	160.02
1983	1192.8
1984	191.98
1985	205.08
1986	257
1987	260.07
1988	278.51
1989	253.02
1990	236.67
1991	241.77
1992	289.46
1993	333.66
1994	349.95
1995	241.49
1996	170.63
1997	150.57
1998	200.82
1999	198.86
2000	199
2001	213.68
2002	195.85
2003	232.4
2004	272.97
2005	233.41
2006	172.02
2007	172.19
2008	171.89
2009	249.95
2010	260.26
2011	278.54
2012	243.7
2013	257.12
2014	254.43
2015	266.13
2016	223.44
2017	198.23
2018	203.55
2019	176.71
2020	240.96
2021	257.86
2022	324.77
2023	265.97
2024	259.19
2025	216.13
2026	189.85
2027	181.23
2028	222.45
2029	285.95
2030	307.77
2031	325.99
2032	363.39
2033	332.68
2034	288.41
2035	228.31
2036	252.18
2037	268.38
2038	283.3
2039	233.66
2040	218.73
2041	188.19
2042	200.08
2043	172.65
2044	221.05
2045	208.15
2046	256.69
2047	227.74
2048	240.47
2049	202.77
2050	176.88
2051	180.74
2052	208.49
2053	245.17
2054	248.15
2055	293.04
2056	290.01
2057	340.65
2058	322.21
2059	287.75
2060	222.36
2061	309.88
2062	244.63
2063	241.93
2064	189.26
2065	236.86
2066	224.75
2067	183.27
2068	174.8
2069	189.33
2070	235.48
2071	238.79
2072	234.89
2073	216.26
2074	219.29
2075	179.11
2076	217.95
2077	5215.9
2078	250.91
2079	262.28
2080	252.65
2081	283.87
2082	267.51
2083	247.18
2084	192.47
2085	192.75
2086	220.43
2087	205.84
2088	206.55
2089	227.29
2090	228.78
2091	209.41
2092	167.92
2093	204.88
2094	245.08
2095	264.68
2096	248.99
2097	219.53
2098	200.24
2099	197.41
2100	210.36
2101	225.5
2102	279.52
2103	1283.7
2104	307.85
2105	298.84
2106	255.34
2107	210.36
2108	192.73
2109	191.7
2110	196.02
2111	197.58
2112	186.26
2113	206.46
2114	205.72
2115	200.04
2116	199.24
2117	208.6
2118	222.09
2119	212.48
2120	216.68
2121	205.27
2122	220.7
2123	203.53
2124	246.49
2125	319.28
2126	400.44
2127	393.23
2128	301.81
2129	164.34
2130	121.62
2131	155.29
2132	167.75
2133	177.26
2134	159.59
2135	198.81
2136	212.34
2137	261.53
2138	276.77
2139	301.32
2140	259.31
2141	209.71
2142	163.11
2143	1161.2
2144	228.96
2145	305.49
2146	275.99
2147	234.63
2148	192.17
2149	219.67
2150	239.28
2151	264.46
2152	231.37
2153	199.41
2154	196.2
2155	216.21
2156	252.93
2157	231.13
2158	220.91
2159	218.38
2160	256.06
2161	255.11
2162	237.89
2163	228
2164	274.25
2165	253.75
2166	258.51
2167	238.01
2168	255.77
2169	222.27
2170	197.55
2171	163.98
2172	178.47
2173	169
2174	132.25
2175	151.59
2176	177.27
2177	218.47
2178	265.55
2179	289.79
2180	284.52
2181	253.55
2182	189
2183	208.27
2184	184.22
2185	179.16
2186	203.65
2187	231.34
2188	253.77
2189	259.28
2190	238.48
2191	222.29
2192	232.74
2193	239.53
2194	227.78
2195	243.45
2196	237.33
2197	246.49
2198	209.87
2199	251.34
2200	225.05
2201	221
2202	174.63
2203	166.11
2204	162.32
2205	185.74
2206	165.45
2207	168.41
2208	218.08
2209	249.38
2210	237.98
2211	207.76
2212	216.73
2213	269.76
2214	212.42
2215	258.18
2216	205
2217	327.21
2218	313.19
2219	303
2220	206.73
2221	169.22
2222	183.84
2223	261.15
2224	268.66
2225	274.91
2226	285.37
2227	264.51
2228	238.79
2229	230.33
2230	246.95
2231	305.29
2232	264.03
2233	204.38
2234	211.51
2235	159.66
2236	158.54
2237	127.85
2238	219.17
2239	242.91
2240	254.27
2241	257.42
2242	242
2243	280.11
2244	228.47
2245	203.41
2246	143.44
2247	212.84
2248	198.68
2249	156.37
2250	153.54
2251	163.72
2252	253.5
2253	279.85
2254	269.33
2255	259.08
2256	224
2257	183.51
2258	163.78
2259	185.33
2260	192.72
2261	190.59
2262	165.82
2263	212.92
2264	195.12
2265	169.92
2266	73
2267	81
2268	95
2269	161.87
2270	210.04
2271	216.48
2272	244.15
2273	256
2274	254
2275	239.92
2276	252.63
2277	273.45
2278	292.16
2279	288.73
2280	342.62
2281	298.79
2282	158
2283	314.81
2284	297.92
2285	299.81
2286	266.34
2287	275.95
2288	240.74
2289	217.98
2290	116.53
2291	108.74
2292	119.09
2293	156.45
2294	160.02
2295	1192.8
2296	191.98
2297	205.08
2298	257
2299	260.07
2300	278.51
2301	253.02
2302	236.67
2303	241.77
2304	289.46
2305	333.66
2306	349.95
2307	241.49
2308	170.63
2309	150.57
2310	200.82
2311	198.86
2312	199
2313	213.68
2314	195.85
2315	232.4
2316	272.97
2317	233.41
2318	172.02
2319	172.19
2320	171.89
2321	249.95
2322	260.26
2323	278.54
2324	243.7
2325	257.12
2326	254.43
2327	266.13
2328	223.44
2329	198.23
2330	203.55
2331	176.71
2332	240.96
2333	257.86
2334	324.77
2335	265.97
2336	259.19
2337	216.13
2338	189.85
2339	181.23
2340	222.45
2341	285.95
2342	307.77
2343	325.99
2344	363.39
2345	332.68
2346	288.41
2347	228.31
2348	252.18
2349	268.38
2350	283.3
2351	233.66
2352	218.73
2353	188.19
2354	200.08
2355	172.65
2356	221.05
2357	208.15
2358	256.69
2359	227.74
2360	240.47
2361	202.77
2362	176.88
2363	180.74
2364	208.49
2365	245.17
2366	248.15
2367	293.04
2368	290.01
2369	340.65
2370	322.21
2371	287.75
2372	222.36
2373	309.88
2374	244.63
2375	241.93
2376	189.26
2377	236.86
2378	224.75
2379	183.27
2380	174.8
2381	189.33
2382	235.48
2383	238.79
2384	234.89
2385	216.26
2386	219.29
2387	179.11
2388	217.95
2389	5215.9
2390	250.91
2391	262.28
2392	252.65
2393	283.87
2394	267.51
2395	247.18
2396	192.47
2397	192.75
2398	220.43
2399	205.84
2400	206.55
2401	227.29
2402	228.78
2403	209.41
2404	167.92
2405	204.88
2406	245.08
2407	264.68
2408	248.99
2409	219.53
2410	200.24
2411	197.41
2412	210.36
2413	225.5
2414	279.52
2415	1283.7
2416	307.85
2417	298.84
2418	255.34
2419	210.36
2420	192.73
2421	191.7
2422	196.02
2423	197.58
2424	186.26
2425	206.46
2426	205.72
2427	200.04
2428	199.24
2429	208.6
2430	222.09
2431	212.48
2432	216.68
2433	205.27
2434	220.7
2435	203.53
2436	246.49
2437	319.28
2438	400.44
2439	393.23
2440	301.81
2441	164.34
2442	121.62
2443	155.29
2444	167.75
2445	177.26
2446	159.59
2447	198.81
2448	212.34
2449	261.53
2450	276.77
2451	301.32
2452	259.31
2453	209.71
2454	163.11
2455	1161.2
2456	228.96
2457	305.49
2458	275.99
2459	234.63
2460	192.17
2461	219.67
2462	239.28
2463	264.46
2464	231.37
2465	199.41
2466	196.2
2467	216.21
2468	252.93
2469	231.13
2470	220.91
2471	218.38
2472	256.06
2473	255.11
2474	237.89
2475	228
2476	274.25
2477	253.75
2478	258.51
2479	238.01
2480	255.77
2481	222.27
2482	197.55
2483	163.98
2484	178.47
2485	169
2486	132.25
2487	151.59
2488	177.27
2489	218.47
2490	265.55
2491	289.79
2492	284.52
2493	253.55
2494	189
2495	208.27
2496	184.22
2497	179.16
2498	203.65
2499	231.34
2500	253.77
2501	259.28
2502	238.48
2503	222.29
2504	232.74
2505	239.53
2506	227.78
2507	243.45
2508	237.33
2509	246.49
2510	209.87
2511	251.34
2512	225.05
2513	221
2514	174.63
2515	166.11
2516	162.32
2517	185.74
2518	165.45
2519	168.41
2520	218.08
2521	249.38
2522	237.98
2523	207.76
2524	216.73
2525	269.76
2526	212.42
2527	258.18
2528	205
2529	327.21
2530	313.19
2531	303
2532	206.73
2533	169.22
2534	183.84
2535	261.15
2536	268.66
2537	274.91
2538	285.37
2539	264.51
2540	238.79
2541	230.33
2542	246.95
2543	305.29
2544	264.03
2545	204.38
2546	211.51
2547	159.66
2548	158.54
2549	127.85
2550	219.17
2551	242.91
2552	254.27
2553	257.42
2554	242
2555	280.11
2556	228.47
2557	203.41
2558	143.44
2559	212.84
2560	198.68
2561	156.37
2562	153.54
2563	163.72
2564	253.5
2565	279.85
2566	269.33
2567	259.08
2568	224
2569	183.51
2570	163.78
2571	185.33
2572	192.72
2573	190.59
2574	165.82
2575	212.92
2576	195.12
2577	169.92
2578	73
2579	81
2580	95
2581	161.87
2582	210.04
2583	216.48
2584	244.15
2585	256
2586	254
2587	239.92
2588	252.63
2589	273.45
2590	292.16
2591	288.73
2592	342.62
2593	298.79
2594	158
2595	314.81
2596	297.92
2597	299.81
2598	266.34
2599	275.95
2600	240.74
2601	217.98
2602	116.53
2603	108.74
2604	119.09
2605	156.45
2606	160.02
2607	1192.8
2608	191.98
2609	205.08
2610	674257
2611	260.07
2612	278.51
2613	253.02
2614	236.67
2615	241.77
2616	289.46
2617	333.66
2618	349.95
2619	241.49
2620	170.63
2621	150.57
2622	200.82
2623	198.86
2624	199
2625	213.68
2626	195.85
2627	232.4
2628	272.97
2629	233.41
2630	172.02
2631	172.19
2632	171.89
2633	249.95
2634	260.26
2635	278.54
2636	243.7
2637	257.12
2638	254.43
2639	266.13
2640	223.44
2641	198.23
2642	203.55
2643	176.71
2644	240.96
2645	257.86
2646	324.77
2647	265.97
2648	259.19
2649	216.13
2650	189.85
2651	181.23
2652	222.45
2653	285.95
2654	307.77
2655	325.99
2656	363.39
2657	332.68
2658	288.41
2659	228.31
2660	252.18
2661	268.38
2662	283.3
2663	233.66
2664	218.73
2665	188.19
2666	200.08
2667	172.65
2668	221.05
2669	208.15
2670	256.69
2671	227.74
2672	240.47
2673	202.77
2674	176.88
2675	180.74
2676	208.49
2677	245.17
2678	248.15
2679	293.04
2680	290.01
2681	340.65
2682	322.21
2683	287.75
2684	222.36
2685	309.88
2686	244.63
2687	241.93
2688	189.26
2689	236.86
2690	224.75
2691	183.27
2692	174.8
2693	189.33
2694	235.48
2695	238.79
2696	234.89
2697	216.26
2698	219.29
2699	179.11
2700	217.95
2701	5215.9
2702	250.91
2703	262.28
2704	252.65
2705	283.87
2706	267.51
2707	247.18
2708	192.47
2709	192.75
2710	220.43
2711	205.84
2712	206.55
2713	227.29
2714	228.78
2715	209.41
2716	167.92
2717	204.88
2718	245.08
2719	264.68
2720	248.99
2721	219.53
2722	200.24
2723	197.41
2724	210.36
2725	225.5
2726	279.52
2727	1283.7
2728	307.85
2729	298.84
2730	255.34
2731	210.36
2732	192.73
2733	191.7
2734	196.02
2735	197.58
2736	186.26
2737	206.46
2738	205.72
2739	200.04
2740	199.24
2741	208.6
2742	222.09
2743	212.48
2744	216.68
2745	205.27
2746	220.7
2747	203.53
2748	246.49
2749	319.28
2750	400.44
2751	393.23
2752	301.81
2753	164.34
2754	121.62
2755	155.29
2756	167.75
2757	177.26
2758	159.59
2759	198.81
2760	212.34
2761	261.53
2762	276.77
2763	301.32
2764	259.31
2765	209.71
2766	163.11
2767	1161.2
2768	228.96
2769	305.49
2770	275.99
2771	234.63
2772	192.17
2773	219.67
2774	239.28
2775	264.46
2776	231.37
2777	199.41
2778	196.2
2779	216.21
2780	252.93
2781	231.13
2782	220.91
2783	218.38
2784	256.06
2785	255.11
2786	237.89
2787	228
2788	274.25
2789	253.75
2790	258.51
2791	238.01
2792	255.77
2793	222.27
2794	197.55
2795	163.98
2796	178.47
2797	169
2798	132.25
2799	151.59
2800	177.27
2801	218.47
2802	265.55
2803	289.79
2804	284.52
2805	253.55
2806	189
2807	208.27
2808	184.22
2809	179.16
2810	203.65
2811	231.34
2812	253.77
2813	259.28
2814	238.48
2815	222.29
2816	232.74
2817	239.53
2818	227.78
2819	243.45
2820	237.33
2821	246.49
2822	209.87
2823	251.34
2824	225.05
2825	221
2826	174.63
2827	166.11
2828	162.32
2829	185.74
2830	165.45
2831	168.41
2832	218.08
2833	249.38
2834	237.98
2835	207.76
2836	216.73
2837	269.76
2838	212.42
2839	258.18
2840	205
2841	327.21
2842	313.19
2843	303
2844	206.73
2845	169.22
2846	183.84
2847	261.15
2848	268.66
2849	274.91
2850	285.37
2851	264.51
2852	238.79
2853	230.33
2854	246.95
2855	305.29
2856	264.03
2857	204.38
2858	211.51
2859	159.66
2860	158.54
2861	127.85
2862	219.17
2863	242.91
2864	254.27
2865	257.42
2866	242
2867	280.11
2868	228.47
2869	203.41
2870	143.44
2871	212.84
2872	198.68
2873	156.37
2874	153.54
2875	163.72
2876	253.5
2877	279.85
2878	269.33
2879	259.08
2880	224
2881	183.51
2882	163.78
2883	185.33
2884	192.72
2885	190.59
2886	165.82
2887	212.92
2888	195.12
2889	169.92
2890	73
2891	81
2892	95
2893	161.87
2894	210.04
2895	216.48
2896	244.15
2897	256
2898	254
2899	239.92
2900	252.63
2901	273.45
2902	292.16
2903	288.73
2904	342.62
2905	298.79
2906	158
2907	314.81
2908	297.92
2909	299.81
2910	266.34
2911	275.95
2912	240.74
2913	217.98
2914	116.53
2915	108.74
2916	119.09
2917	156.45
2918	160.02
2919	1192.8
2920	191.98
2921	205.08
2922	674257
2923	260.07
2924	278.51
2925	253.02
2926	236.67
2927	241.77
2928	289.46
2929	333.66
2930	349.95
2931	241.49
2932	170.63
2933	150.57
2934	200.82
2935	198.86
2936	199
2937	213.68
2938	195.85
2939	232.4
2940	272.97
2941	233.41
2942	172.02
2943	172.19
2944	171.89
2945	249.95
2946	260.26
2947	278.54
2948	243.7
2949	257.12
2950	254.43
2951	266.13
2952	223.44
2953	198.23
2954	203.55
2955	176.71
2956	240.96
2957	257.86
2958	324.77
2959	265.97
2960	259.19
2961	216.13
2962	189.85
2963	181.23
2964	222.45
2965	285.95
2966	307.77
2967	325.99
2968	363.39
2969	332.68
2970	288.41
2971	228.31
2972	252.18
2973	268.38
2974	283.3
2975	233.66
2976	218.73
2977	188.19
2978	200.08
2979	172.65
2980	221.05
2981	208.15
2982	256.69
2983	227.74
2984	240.47
2985	202.77
2986	176.88
2987	180.74
2988	208.49
2989	245.17
2990	248.15
2991	293.04
2992	290.01
2993	340.65
2994	322.21
2995	287.75
2996	222.36
2997	309.88
2998	244.63
2999	241.93
3000	189.26
3001	236.86
3002	224.75
3003	183.27
3004	174.8
3005	189.33
3006	235.48
3007	238.79
3008	234.89
3009	216.26
3010	219.29
3011	179.11
3012	217.95
3013	5215.9
3014	250.91
3015	262.28
3016	252.65
3017	283.87
3018	267.51
3019	247.18
3020	192.47
3021	192.75
3022	220.43
3023	205.84
3024	206.55
3025	227.29
3026	228.78
3027	209.41
3028	167.92
3029	204.88
3030	245.08
3031	264.68
3032	248.99
3033	219.53
3034	200.24
3035	197.41
3036	210.36
3037	225.5
3038	279.52
3039	1283.7
3040	307.85
3041	298.84
3042	255.34
3043	210.36
3044	192.73
3045	191.7
3046	196.02
3047	197.58
3048	186.26
3049	206.46
3050	205.72
3051	200.04
3052	199.24
3053	208.6
3054	222.09
3055	212.48
3056	216.68
3057	205.27
3058	220.7
3059	203.53
3060	246.49
3061	319.28
3062	400.44
3063	393.23
3064	301.81
3065	164.34
3066	121.62
3067	155.29
3068	167.75
3069	177.26
3070	159.59
3071	198.81
3072	212.34
3073	261.53
3074	276.77
3075	301.32
3076	259.31
3077	209.71
3078	163.11
3079	1161.2
3080	228.96
3081	305.49
3082	275.99
3083	234.63
3084	192.17
3085	219.67
3086	239.28
3087	264.46
3088	231.37
3089	199.41
3090	196.2
3091	216.21
3092	252.93
3093	231.13
3094	220.91
3095	218.38
3096	256.06
3097	255.11
3098	237.89
3099	228
3100	274.25
3101	253.75
3102	258.51
3103	238.01
3104	255.77
3105	222.27
3106	197.55
3107	163.98
3108	178.47
3109	169
3110	132.25
3111	151.59
3112	177.27
3113	218.47
3114	265.55
3115	289.79
3116	284.52
3117	253.55
3118	189
3119	208.27
3120	184.22
3121	179.16
3122	203.65
3123	231.34
3124	253.77
3125	259.28
3126	238.48
3127	222.29
3128	232.74
3129	239.53
3130	227.78
3131	243.45
3132	237.33
3133	246.49
3134	209.87
3135	251.34
3136	225.05
3137	221
3138	174.63
3139	166.11
3140	162.32
3141	185.74
3142	165.45
3143	168.41
3144	218.08
3145	249.38
3146	237.98
3147	207.76
3148	216.73
3149	269.76
3150	212.42
3151	258.18
3152	205
3153	327.21
3154	313.19
3155	303
3156	206.73
3157	169.22
3158	183.84
3159	261.15
3160	268.66
3161	274.91
3162	285.37
3163	264.51
3164	238.79
3165	230.33
3166	246.95
3167	305.29
3168	264.03
3169	204.38
3170	211.51
3171	159.66
3172	158.54
3173	127.85
3174	219.17
3175	242.91
3176	254.27
3177	257.42
3178	242
3179	280.11
3180	228.47
3181	203.41
3182	143.44
3183	212.84
3184	198.68
3185	156.37
3186	153.54
3187	163.72
3188	253.5
3189	279.85
3190	269.33
3191	259.08
3192	224
3193	183.51
3194	163.78
3195	185.33
3196	192.72
3197	190.59
3198	165.82
3199	212.92
3200	195.12
3201	169.92
3202	73
3203	81
3204	95
3205	161.87
3206	210.04
3207	216.48
3208	244.15
3209	256
3210	254
3211	239.92
3212	252.63
3213	273.45
3214	292.16
3215	288.73
3216	342.62
3217	298.79
3218	158
3219	314.81
3220	297.92
3221	299.81
3222	266.34
3223	275.95
3224	240.74
3225	217.98
3226	116.53
3227	108.74
3228	119.09
3229	156.45
3230	160.02
3231	1192.8
3232	191.98
3233	205.08
3234	674257
3235	260.07
3236	278.51
3237	253.02
3238	236.67
3239	241.77
3240	289.46
3241	333.66
3242	349.95
3243	241.49
3244	170.63
3245	150.57
3246	200.82
3247	198.86
3248	199
3249	213.68
3250	195.85
3251	232.4
3252	272.97
3253	233.41
3254	172.02
3255	172.19
3256	171.89
3257	249.95
3258	260.26
3259	278.54
3260	243.7
3261	257.12
3262	254.43
3263	266.13
3264	223.44
3265	198.23
3266	203.55
3267	176.71
3268	240.96
3269	257.86
3270	324.77
3271	265.97
3272	259.19
3273	216.13
3274	189.85
3275	181.23
3276	222.45
3277	285.95
3278	307.77
3279	325.99
3280	363.39
3281	332.68
3282	288.41
3283	228.31
3284	252.18
3285	268.38
3286	283.3
3287	233.66
3288	218.73
3289	188.19
3290	200.08
3291	172.65
3292	221.05
3293	208.15
3294	256.69
3295	227.74
3296	240.47
3297	202.77
3298	176.88
3299	180.74
3300	208.49
3301	245.17
3302	248.15
3303	293.04
3304	290.01
3305	340.65
3306	322.21
3307	287.75
3308	222.36
3309	309.88
3310	244.63
3311	241.93
3312	189.26
3313	236.86
3314	224.75
3315	183.27
3316	174.8
3317	189.33
3318	235.48
3319	238.79
3320	234.89
3321	216.26
3322	219.29
3323	179.11
3324	217.95
3325	5215.9
3326	250.91
3327	262.28
3328	252.65
3329	283.87
3330	267.51
3331	247.18
3332	192.47
3333	192.75
3334	220.43
3335	205.84
3336	206.55
3337	227.29
3338	228.78
3339	209.41
3340	167.92
3341	204.88
3342	245.08
3343	264.68
3344	248.99
3345	219.53
3346	200.24
3347	197.41
3348	210.36
3349	225.5
3350	279.52
3351	1283.7
3352	307.85
3353	298.84
3354	255.34
3355	210.36
3356	192.73
3357	191.7
3358	196.02
3359	197.58
3360	186.26
3361	206.46
3362	205.72
3363	200.04
3364	199.24
3365	208.6
3366	222.09
3367	212.48
3368	216.68
3369	205.27
3370	220.7
3371	203.53
3372	246.49
3373	319.28
3374	400.44
3375	393.23
3376	301.81
3377	164.34
3378	121.62
3379	155.29
3380	167.75
3381	177.26
3382	159.59
3383	198.81
3384	212.34
3385	261.53
3386	276.77
3387	301.32
3388	259.31
3389	209.71
3390	163.11
3391	1161.2
3392	228.96
3393	305.49
3394	275.99
3395	234.63
3396	192.17
3397	219.67
3398	239.28
3399	264.46
3400	231.37
3401	199.41
3402	196.2
3403	216.21
3404	252.93
3405	231.13
3406	220.91
3407	218.38
3408	256.06
3409	255.11
3410	237.89
3411	228
3412	274.25
3413	253.75
3414	258.51
3415	238.01
3416	255.77
3417	222.27
3418	197.55
3419	163.98
3420	178.47
3421	169
3422	132.25
3423	151.59
3424	177.27
3425	218.47
3426	265.55
3427	289.79
3428	284.52
3429	253.55
3430	189
3431	208.27
3432	184.22
3433	179.16
3434	203.65
3435	231.34
3436	253.77
3437	259.28
3438	238.48
3439	222.29
3440	232.74
3441	239.53
3442	227.78
3443	243.45
3444	237.33
3445	246.49
3446	209.87
3447	251.34
3448	225.05
3449	221
3450	174.63
3451	166.11
3452	162.32
3453	185.74
3454	165.45
3455	168.41
3456	218.08
3457	249.38
3458	237.98
3459	207.76
3460	216.73
3461	269.76
3462	212.42
3463	258.18
3464	205
3465	327.21
3466	313.19
3467	303
3468	206.73
3469	169.22
3470	183.84
3471	261.15
3472	268.66
3473	274.91
3474	285.37
3475	264.51
3476	238.79
3477	230.33
3478	246.95
3479	305.29
3480	264.03
3481	204.38
3482	211.51
3483	159.66
3484	158.54
3485	127.85
3486	219.17
3487	242.91
3488	254.27
3489	257.42
3490	242
3491	280.11
3492	228.47
3493	203.41
3494	143.44
3495	212.84
3496	198.68
3497	156.37
3498	153.54
3499	163.72
3500	253.5
3501	279.85
3502	269.33
3503	259.08
3504	224
3505	183.51
3506	163.78
3507	185.33
3508	192.72
3509	190.59
3510	165.82
3511	212.92
3512	195.12
3513	169.92
3514	73
3515	81
3516	95
3517	161.87
3518	210.04
3519	216.48
3520	244.15
3521	256
3522	254
3523	239.92
3524	252.63
3525	273.45
3526	292.16
3527	288.73
3528	342.62
3529	298.79